%% MATPOWER Case Format : Version 2
function mpc = Project_Wisconsin
mpc.version = '2';

%%-----  Power Flow Data  -----%%
%% system MVA base
mpc.baseMVA = 100.0;
%% bus data
%    bus_i    type    Pd    Qd    Gs    Bs    area    Vm    Va    baseKV    zone    Vmax    Vmin
mpc.bus = [
	1	2	0.0	0.0	0.0	0.0	1	1.0000009	-10.514848	22.0	1	1.1	0.9	22.22	0.0	0.0	0.0
	2	2	0.0	0.0	0.0	0.0	1	1.0000009	-10.519215	22.0	1	1.1	0.9	22.22	0.0	0.0	0.0
	3	1	22.16	7.03	0.0	0.0	1	0.9864995	-11.271153	345.0	1	1.1	0.9	22.22	0.0	0.0	0.0
	4	1	0.0	0.0	0.0	0.0	1	0.9631911	-17.685588	345.0	1	1.1	0.9	22.22	0.0	0.0	0.0
	5	2	474.0	150.4	0.0	95.0	1	0.9577732	-20.964749000000005	138.0	1	1.1	0.9	22.22	0.0	0.0	0.0
	6	2	0.0	0.0	0.0	0.0	1	1.0000017	-14.721463	13.4	1	1.1	0.9	22.22	0.0	0.0	0.0
	7	1	117.19999999999999	25.0	0.0	25.0	1	0.9350127	-30.967957000000002	138.0	1	1.1	0.9	22.22	0.0	0.0	0.0
	8	1	1032.7	305.0	0.0	290.0	1	0.9523972	-30.889655000000005	138.0	1	1.1	0.9	22.22	0.0	0.0	0.0
	9	1	150.6	46.34	0.0	35.0	1	0.9910816	-10.258568	345.0	1	1.1	0.9	22.22	0.0	0.0	0.0
	10	1	217.49999999999997	65.7	0.0	45.0	1	0.9872659	-10.008344	345.0	1	1.1	0.9	22.22	0.0	0.0	0.0
	11	1	134.0	41.0	0.0	35.0	1	0.9153878	24.062042	345.0	1	1.1	0.9	22.22	0.0	0.0	0.0
	12	1	0.0	0.0	0.0	0.0	1	0.9877995	-6.38973	345.0	1	1.1	0.9	22.22	0.0	0.0	0.0
	13	3	0.0	0.0	0.0	0.0	1	1.0	0.0	19.0	1	1.1	0.9	22.22	0.0	0.0	0.0
	14	1	109.2	32.9	0.0	25.0	1	0.9658389	-14.21289	345.0	1	1.1	0.9	22.22	0.0	0.0	0.0
	15	1	202.99999999999997	80.0	0.0	65.0	1	0.9423578	-24.528802	345.0	1	1.1	0.9	22.22	0.0	0.0	0.0
	17	1	84.5	25.900000000000002	0.0	0.0	1	0.9138386	4.374944	345.0	1	1.1	0.9	22.22	0.0	0.0	0.0
	18	1	74.07	23.44	0.0	17.0	1	0.9828934	-7.810187000000001	345.0	1	1.1	0.9	22.22	0.0	0.0	0.0
	19	1	93.23	29.580000000000002	0.0	0.0	1	0.9727132	-13.877966	345.0	1	1.1	0.9	22.22	0.0	0.0	0.0
	20	2	0.0	0.0	0.0	0.0	1	1.0000084	-28.236426	18.0	1	1.1	0.9	22.22	0.0	0.0	0.0
	21	2	0.0	0.0	0.0	0.0	1	1.0000005	43.425549	345.0	1	1.1	0.9	22.22	0.0	0.0	0.0
	22	2	0.0	0.0	0.0	0.0	1	1.0000024	-3.291959	345.0	1	1.1	0.9	22.22	0.0	0.0	0.0
];

%% generator data
%    bus    Pg    Qg    Qmax    Qmin    Vg    mBase    status    Pmax    Pmin    Pc1    Pc2    Qc1min    Qc1max    Qc2min    Qc2max    ramp_agc    ramp_10    ramp_30    ramp_q    apf
mpc.gen = [
	1	105.0	104.67	247.00000000000003	-100.0	1.0	100.0	1	525.0	0.0	0.0	0.0	0.0	0.0	0.0	0.0	0.0	0.0	0.0	0.0	10.0	0.0	0.0	0.0	0.0
	2	105.0	105.24	245.00000000000003	-100.0	1.0	100.0	1	525.0	0.0	0.0	0.0	0.0	0.0	0.0	0.0	0.0	0.0	0.0	0.0	10.0	0.0	0.0	0.0	0.0
	5	2.0	-1.0	-1.0	-1.0	0.9578	100.0	1	2.0	2.0	0.0	0.0	0.0	0.0	0.0	0.0	0.0	0.0	0.0	0.0	10.0	0.0	0.0	0.0	0.0
	6	146.0	49.16	74.0	-57.99999999999999	1.0	100.0	1	146.0	0.0	0.0	0.0	0.0	0.0	0.0	0.0	0.0	0.0	0.0	0.0	10.0	0.0	0.0	0.0	0.0
	13	512.02	74.74	205.6	0.0	1.0	100.0	1	512.0	150.0	0.0	0.0	0.0	0.0	0.0	0.0	0.0	0.0	0.0	0.0	10.0	0.0	0.0	0.0	0.0
	13	514.02	71.98	198.0	0.0	1.0	100.0	1	514.0	150.0	0.0	0.0	0.0	0.0	0.0	0.0	0.0	0.0	0.0	0.0	10.0	0.0	0.0	0.0	0.0
	20	115.84999999999998	112.86	136.0	-82.0	1.0	100.0	1	298.0	90.0	0.0	0.0	0.0	0.0	0.0	0.0	0.0	0.0	0.0	0.0	10.0	0.0	0.0	0.0	0.0
	20	90.0	106.58000000000001	126.0	-56.99999999999999	1.0	100.0	1	314.0	90.0	0.0	0.0	0.0	0.0	0.0	0.0	0.0	0.0	0.0	0.0	10.0	0.0	0.0	0.0	0.0
	21	600.0	193.03	9900.0	-9900.0	1.0	100.0	1	1000.0	0.0	0.0	0.0	0.0	0.0	0.0	0.0	0.0	0.0	0.0	0.0	10.0	0.0	0.0	0.0	0.0
	22	600.0	136.7	9900.0	-9900.0	1.0	100.0	1	1000.0	0.0	0.0	0.0	0.0	0.0	0.0	0.0	0.0	0.0	0.0	0.0	10.0	0.0	0.0	0.0	0.0
];

%% branch data
%    f_bus    t_bus    r    x    b    rateA    rateB    rateC    ratio    angle    status    angmin    angmax
mpc.branch = [
	1	3	0.00029	0.01269	0.0	594.0	593.6	593.6	1.0	0.0	1	-60.0001403060998	60.0001403060998	105.0	104.67	-104.93999999999998	-101.88	0.0	0.0	0.0	0.0
	2	3	0.00029	0.01262	0.0	594.0	593.6	593.6	1.0	0.0	1	-60.0001403060998	60.0001403060998	105.0	105.24	-104.93999999999998	-102.46	0.0	0.0	0.0	0.0
	4	3	0.001678	0.02404	0.25743	1096.0	1096.0	1096.0	0	0	1	-60.0001403060998	60.0001403060998	-444.21	-49.58	447.79999999999995	76.61	0.0	0.0	0.0	0.0
	3	9	0.004054	0.058085	0.62202	1096.0	1096.0	1096.0	0	0	1	-60.0001403060998	60.0001403060998	-30.12	-35.68	30.159999999999997	-24.57	0.0	0.0	0.0	0.0
	3	17	0.0047	0.06734	0.7211	1096.0	1096.0	1096.0	0	0	1	-60.0001403060998	60.0001403060998	-348.46	145.28	355.89	-103.95	0.0	0.0	0.0	0.0
	3	19	0.002618	0.037507	0.40165	1096.0	1096.0	1096.0	0	0	1	-60.0001403060998	60.0001403060998	118.5	11.09	-118.10000000000001	-43.87	0.0	0.0	0.0	0.0
	4	5	0.00037	0.0238	0.0006	500.0	500.0	500.0	1.0	0.0	1	-60.0001403060998	60.0001403060998	222.10000000000002	24.79	-221.89999999999998	-12.03	0.0	0.0	0.0	0.0
	4	5	0.00037	0.0238	0.0006	500.0	500.0	500.0	1.0	0.0	1	-60.0001403060998	60.0001403060998	222.10000000000002	24.79	-221.89999999999998	-12.03	0.0	0.0	0.0	0.0
	5	6	0.0079	0.074	0.0	208.0	208.0	208.0	1.0	0.0	1	-60.0001403060998	60.0001403060998	-144.13	-31.59	146.0	49.16	0.0	0.0	0.0	0.0
	5	7	0.066931	0.266887	0.06597	208.0	208.0	208.0	0	0	1	-60.0001403060998	60.0001403060998	57.97	-4.29	-55.50999999999999	8.17	0.0	0.0	0.0	0.0
	5	7	0.06693	0.26689	0.066	208.0	208.0	208.0	0	0	1	-60.0001403060998	60.0001403060998	57.97	-4.3	-55.50999999999999	8.16	0.0	0.0	0.0	0.0
	7	8	0.020235	0.080687	0.01994	208.0	208.0	208.0	0	0	1	-60.0001403060998	60.0001403060998	-6.17	-19.47	6.260000000000001	18.05	0.0	0.0	0.0	0.0
	15	8	0.00037	0.0238	0.0	500.0	500.0	500.0	1.0	0.0	1	-60.0001403060998	60.0001403060998	417.42999999999995	-23.03	-416.7	69.87	0.0	0.0	0.0	0.0
	15	8	0.00037	0.0238	0.0	500.0	500.0	500.0	1.0	0.0	1	-60.0001403060998	60.0001403060998	417.42999999999995	-23.03	-416.7	69.87	0.0	0.0	0.0	0.0
	20	8	0.00075	0.04362	0.0	345.0	345.0	345.0	1.0	0.0	1	-60.0001403060998	60.0001403060998	102.95999999999998	109.72	-102.79	-99.85	0.0	0.0	0.0	0.0
	20	8	0.00075	0.04362	0.0	345.0	345.0	345.0	1.0	0.0	1	-60.0001403060998	60.0001403060998	102.95999999999998	109.72	-102.79	-99.85	0.0	0.0	0.0	0.0
	10	9	0.001427	0.020453	0.21902	1096.0	1096.0	1096.0	0	0	1	-60.0001403060998	60.0001403060998	19.52	-30.409999999999997	-19.5	9.14	0.0	0.0	0.0	0.0
	9	12	0.002829	0.040528	0.434	1096.0	1096.0	1096.0	0	0	1	-60.0001403060998	60.0001403060998	-161.26	3.47	162.02	-34.98	0.0	0.0	0.0	0.0
	12	10	0.001801	0.025802	0.2763	1096.0	1096.0	1096.0	0	0	1	-60.0001403060998	60.0001403060998	238.05999999999997	-20.52	-237.02	8.57	0.0	0.0	0.0	0.0
	11	17	0.004392	0.062931	0.67391	1096.0	1096.0	1096.0	0	0	1	-60.0001403060998	60.0001403060998	451.19	20.23	-440.4	78.05	0.0	0.0	0.0	0.0
	21	11	0.003624	0.051918	0.55597	1096.0	1096.0	1096.0	0	0	1	-60.0001403060998	60.0001403060998	600.0	193.03	-585.19	-31.900000000000002	0.0	0.0	0.0	0.0
	13	12	0.0005	0.0215	0.0	566.0	566.0	566.0	1.0	-0.0	1	-60.0001403060998	60.0001403060998	-511.68000000000006	-15.61	513.02	73.36	0.0	0.0	0.0	0.0
	13	12	0.0005	0.0215	0.0	566.0	566.0	566.0	1.0	0.0	1	-60.0001403060998	60.0001403060998	513.02	73.36	-511.68000000000006	-15.61	0.0	0.0	0.0	0.0
	12	18	0.00027	0.0039	0.0418	1100.0	1100.0	1100.0	0	0	1	-60.0001403060998	60.0001403060998	623.27	86.73	-622.17	-74.94	0.0	0.0	0.0	0.0
	15	14	0.002504	0.035871	0.38413	1096.0	1096.0	1096.0	0	0	1	-60.0001403060998	60.0001403060998	-453.61	-6.07	459.41999999999996	54.26	0.0	0.0	0.0	0.0
	18	14	0.001362	0.019509	0.20891	1096.0	1096.0	1096.0	0	0	1	-60.0001403060998	60.0001403060998	548.1	67.93	-543.78	-25.869999999999997	0.0	0.0	0.0	0.0
	19	14	0.001665	0.023851	0.25541	1096.0	1096.0	1096.0	0	0	1	-60.0001403060998	60.0001403060998	24.87	14.279999999999998	-24.84	-37.95	0.0	0.0	0.0	0.0
	15	22	0.00405	0.058022	0.62134	1096.0	1096.0	1096.0	0	0	1	-60.0001403060998	60.0001403060998	-584.29	29.86	600.01	136.7	0.0	0.0	0.0	0.0
];

%%-----  OPF Data  -----%%
%% cost data
%    1    startup    shutdown    n    x1    y1    ...    xn    yn
%    2    startup    shutdown    n    c(n-1)    ...    c0
